10 32 89 83 9 0 26 76 129 65 78 543 98 32 56 87 30 28 16 38 -9 2 37 98 123 456 243 876 1287 2982 0 2652 98 87 26
10 32 89 83 9 0 26 76 129 65 78 543 98 32 56 0 87 27 87 38 -9 2 37 98 123 456 243 876 1287 2982 0 2652 98 87 26
27 789 32 -87 -27 98 88 -98 29 65 78 543 98 32 56 87 30 28 16 3 2 37 98 123 456 243 876 1287 2982 0 2652 98 87 26
10 32 89 83 9 0 26 76 129 65 734 43 22 90 12 321 89 -98 76 89 36 87 289 876 23 456 243 876 1287 2982 0 2652 98 87 26
-112 1849 -578 -1753 1886 -1284 463 970 -1781 -1103 -1260 819 -1178 1611 1466 -363 -785 1387 1185 -1570 1783 -1842
1062 85 -1142 475 1039 -774 288 -1907 -1553 1399 58 -1817 -246 773 -1072 -290 1017 -1955 623 1792 1176 -677 -1863 76
-1881 -1522 -986 -340 1982 932 1492 -1093 1031 -1145 1914 -1444 1443 -1345 822 1935 -456 -2000 -135 877 34 98 22 34
629 -838 1461 1127 -1379 -822 242 1910 -675 851 1301 33 87 276 2178 32 90 78 12 76 988 243 76 36 82 900 34
-947 288 -1481 63 1600 -693 16 645 -1122 -286 -827 -354 -1699 1136 1978 -96 -1357 -1471 1309 83 -297 -1145 1690 -1987 -797
-1131 -1293 -770 822 669 1739 914 -1053 -1092 1442 739 -1964 -429 1550 -1894 -1384 -1730 -668 186 1475 -1763 828 399 -1424 1273
-707 -1857 -387 1044 1991 -1465 331 -1953 -1601 -586 -1297 1773 1104 -1581 1601 1829 -1369 -136 -248 30 -1482 -1929 -373 -867 1409
-1076 -1880 -110 1871 -1412 1386 711 -1071 155 944 -1815 -858 -1409 -173 -944 -192 -1597 -1442 1190 -648 1678 -1414 46 929 -1455 285
-365 -313 1795 1216 764 -1432 -607 -1775 -1469 -886 -1216 327 324 -265 871 617 -1010 161 1121 -474 -331 762 -859 49 1406 1463 703
-293 433 -363 -785 1387 1185 -1570 1783 -1842 1062 85 -1142 475 1039 -774 288 -1907 -1553 1399 58 -1817 -246 773 -1072 -290 1017
-1955 623 1792 1176 -677 -1863 -96 -1357 -1471 1309 83 -297 -1145 1690 -1987 -797 -1131 -1293 -770 822 669 -192 -1597 -1442 1190 -648 1678
-1414 46 929 -1455 285 -365 -313 1795 1216 0 87 27 87 38 -9 2 37 98 123 456 243 876 1287 298
10 32 89 83 9 0 26 76 129 65 734 43 22 90 12 321 89 -98 76 89 36 87 289 876 23 456 243 876 1287 2982 0 2652 98 87 26
-112 1849 -578 -1753 1886 -1284 463 970 -1781 -1103 -1260 819 -1178 1611 1466 -363 -785 1387 1185 -1570 1783 -1842
1062 85 -1142 475 1039 -774 288 -1907 -1553 1399 58 -1817 -246 773 -1072 -290 1017 -1955 623 1792 1176 -677 -1863 76
-1881 -1522 -986 -340 1982 932 1492 -1093 1031 -1145 1914 -1444 1443 -1345 822 1935 -456 -2000 -135 877 34 98 22 34
629 -838 1461 1127 -1379 -822 242 1910 -675 851 1301 33 87 276 2178 32 90 78 12 76 988 243 76 36 82 900 34
-947 288 -1481 63 1600 -693 16 645 -1122 -286 -827 -354 -1699 1136 1978 -96 -1357 -1471 1309 83 -297 -1145 1690 -1987 -797
-1131 -1293 -770 822 669 1739 914 -1053 -1092 1442 739 -1964 -429 1550 -1894 -1384 -1730 -668 186 1475 -1763 828 399 -1424 1273
-707 -1857 -387 1044 1991 -1465 331 -1953 -1601 -586 -1297 1773 1104 -1581 1601 1829 -1369 -136 -248 30 -1482 -1929 -373 -867 1409
-1076 -1880 -110 1871 -1412 1386 711 -1071 155 944 -1815 -858 -1409 -173 -944 -192 -1597 -1442 1190 -648 1678 -1414 46 929 -1455 285
-707 -1857 -387 1044 1991 -1465 331 -1953 -1601 -586 -1297 1773 1104 -1581 1601 1829 -1369 -136 -248 30 -1482 -1929 -373 -867 1409
-1076 -1880 -110 1871 -1412 1386 711 -1071 155 944 -1815 -858 -1409 -173 -944 -192 -1597 -1442 1190 -648 1678 -1414 46 929 -1455 285
-365 -313 1795 1216 764 -1432 -607 -1775 -1469 -886 -1216 327 324 -265 871 617 -1010 161 1121 -474 -331 762 -859 49 1406 1463 703
-293 433 -363 -785 1387 1185 -1570 1783 -1842 1062 85 -1142 475 1039 -774 288 -1907 -1553 1399 58 -1817 -246 773 -1072 -290 1017
-1955 623 1792 1176 -677 -1863 -96 -1357 -1471 1309 83 -297 -1145 1690 -1987 -797 -1131 -1293 -770 822 669 -192 -1597 -1442 1190 -648 1678
-1414 46 929 -1455 285 -365 -313 1795 1216 0 87 27 87 38 -9 2 37 98 123 456 243 876 1287 298 -648 1678 -1414 46 929 -1455 285
10 32 89 83 9 0 26 76 129 65 734 43 22 90 12 321 89 -98 76 89 36 87 289 876 23 456 243 876 1287 2982 0 2652 98 87 26
0 32 89 83 9 0 26 76 129 65 78 543 98 32 56 87 30 28 16 38 -9 2 37 98 123 456 243 876 1287 2982 0 2652 98 87 26
10 32 89 83 9 0 26 76 129 65 78 543 98 32 56 0 87 27 87 38 -9 2 37 98 123 456 243 876 1287 2982 0 2652 98 87 26
27 789 32 -87 -27 98 88 -98 29 65 78 543 98 32 56 87 30 28 16 3 2 37 98 123 456 243 876 1287 2982 0 2652 98 87 26
10 32 89 83 9 0 26 76 129 65 734 43 22 90 12 321 89 -98 76 89 36 87 289 876 23 456 243 876 1287 2982 0 2652 98 87 26
-112 1849 -578 -1753 1886 -1284 463 970 -1781 -1103 -1260 819 -1178 1611 1466 -363 -785 1387 1185 -1570 1783 -1842
1062 85 -1142 475 1039 -774 288 -1907 -1553 1399 58 -1817 -246 773 -1072 -290 1017 -1955 623 1792 1176 -677 -1863 76
-1881 -1522 -986 -340 1982 932 1492 -1093 1031 -1145 1914 -1444 1443 -1345 822 1935 -456 -2000 -135 877 34 98 22 34
629 -838 1461 1127 -1379 -822 242 1910 -675 851 1301 33 87 276 2178 32 90 78 12 76 988 243 76 36 82 900 34
-947 288 -1481 63 1600 -693 16 645 -1122 -286 -827 -35 -9 2 37 98 123 490 243 876 128 2982 0 2652 98 87 26
10 32 89 83 9 0 26 76 129 65 78 543 98 32 56 0 87 27 87 38 -9 2 37 98 123 456 243 876 1287 2982 0 2652 98 87 26
27 789 32 -87 -27 98 88 -98 29 65 78 543 98 32 56 87 30 28 16 3 2 37 98 123 456 243 876 1287 2982 0 2652 98 87 26
10 32 89 83 9 0 26 76 129 65 734 43 22 90 12 321 89 -98 76 89 36 87 289 876 23 456 243 876 1287 2982 0 2652 98 87 26
-112 1849 -578 -1753 1886 -1284 463 970 -1781 -1103 -1260 819 -1178 1611 1466 -363 -785 1387 1185 -1570 1783 -1842
1062 85 -1142 475 1039 -774 288 -1907 -1553 1399 58 -1817 -246 773 -1072 -290 1017 -1955 623 1792 1176 -677 -1863 76
-1881 -1522 -986 -340 1982 932 1492 -1093 1031 -1145 1914 -1444 1443 -1345 822 1935 -456 -2000 -135 877 34 98 22 34
629 -838 1461 1127 -1379 -822 242 1910 -675 851 1301 33 87 276 2178 32 90 78 12 76 988 243 76 36 82 900 34
-947 288 -1481 63 1600 -693 16 645 -1122 -286 -827 -354 -1699 1136 1978 -96 -1357 -1471 1309 83 -297 -1145 1690 -1987 -797
-1131 -1293 -770 822 669 1739 914 -1053 -1092 1442 739 -1964 -429 1550 -1894 -1384 -1730 -668 186 1475 -1763 828 399 -1424 1273
-707 -1857 -387 1044 1991 -1465 331 -1953 -1601 -586 -1297 1773 1104 -1581 1601 1829 -1369 -136 -248 30 -1482 -1929 -373 -867 1409
-1076 -1880 -110 1871 -1412 1386 711 -1071 155 944 -1815 -858 -1409 -173 -944 -192 -1597 -1442 1190 -648 1678 -1414 46 929 -1455 285
-365 -313 1795 1216 764 -1432 -607 -1775 -1469 -886 -1216 327 324 -265 871 617 -1010 161 1121 -474 -331 762 -859 49 1406 1463 703
-293 433 -363 -785 1387 1185 -1570 1783 -1842 1062 85 -1142 475 1039 -774 288 -1907 -1553 1399 58 -1817 -246 773 -1072 -290 1017